2 !NMACHB
0.00 0.80

63 !NANGB
-180.00	0.000	0.020	0.000	0.000	0.020	0.000
-175.00	0.600	0.030	0.000	0.600	0.030	0.000
-170.00	0.800	0.050	0.000	0.800	0.050	0.000
-165.00	1.020	0.100	0.000	1.020	0.100	0.000
-160.00	1.150	0.200	0.000	1.150	0.200	0.000
-155.00	1.180	0.350	0.000	1.180	0.350	0.000
-150.00	1.200	0.550	0.000	1.200	0.550	0.000
-130.00	1.050	0.980	0.000	1.050	0.980	0.000
-110.00	0.560	1.225	0.000	0.560	1.225	0.000
-90.00	0.000	1.300	0.000	0.000	1.300	0.000
-80.00	-0.310	1.280	0.000	-0.310	1.280	0.000
-60.00	-0.830	1.095	0.000	-0.830	1.095	0.000
-31.76	-1.106	0.457	0.000	-1.106	0.457	0.000
-28.12	-1.110	0.362	0.000	-1.110	0.362	0.000
-24.48	-1.113	0.268	0.000	-1.113	0.268	0.000
-20.84	-1.114	0.173	0.000	-1.114	0.173	0.000
-17.20	-1.079	0.118	0.000	-1.079	0.118	0.000
-13.56	-0.874	0.072	0.000	-0.874	0.072	0.000
-9.92	-0.550	0.040	0.000	-0.550	0.040	0.000
-6.28	-0.226	0.022	0.000	-0.226	0.022	0.000
-2.64	0.099	0.015	0.000	0.099	0.015	0.000
1.00	0.423	0.013	0.000	0.423	0.013	0.000
4.00	0.690	0.017	0.000	0.690	0.017	0.000
6.00	0.841	0.021	0.000	0.841	0.021	0.000
8.00	0.967	0.028	0.000	0.967	0.028	0.000
10.00	1.063	0.040	0.000	1.063	0.040	0.000
11.00	1.091	0.048	0.000	1.091	0.048	0.000
12.00	1.110	0.056	0.000	1.110	0.056	0.000
12.50	1.114	0.061	0.000	1.114	0.061	0.000
13.00	1.118	0.067	0.000	1.118	0.067	0.000
13.50	1.130	0.072	0.000	1.130	0.072	0.000
14.00	1.131	0.078	0.000	1.131	0.078	0.000
15.00	1.141	0.090	0.000	1.141	0.090	0.000
16.00	1.149	0.103	0.000	1.149	0.103	0.000
16.50	1.159	0.108	0.000	1.159	0.108	0.000
17.00	1.155	0.116	0.000	1.155	0.116	0.000
18.00	1.160	0.129	0.000	1.160	0.129	0.000
19.00	1.173	0.140	0.000	1.173	0.140	0.000
20.00	1.171	0.154	0.000	1.171	0.154	0.000
20.50	1.163	0.164	0.000	1.163	0.164	0.000
23.78	1.099	0.249	0.000	1.099	0.249	0.000
27.06	1.050	0.335	0.000	1.050	0.335	0.000
30.33	1.012	0.420	0.000	1.012	0.420	0.000
33.61	0.982	0.505	0.000	0.982	0.505	0.000
36.89	0.960	0.590	0.000	0.960	0.590	0.000
40.17	0.953	0.675	0.000	0.953	0.675	0.000
43.44	0.955	0.760	0.000	0.955	0.760	0.000
46.72	0.958	0.845	0.000	0.958	0.845	0.000
50.00	0.955	0.930	0.000	0.955	0.930	0.000
60.00	0.830	1.095	0.000	0.830	1.095	0.000
70.00	0.570	1.200	0.000	0.570	1.200	0.000
80.00	0.310	1.280	0.000	0.310	1.280	0.000
90.00	0.000	1.300	0.000	0.000	1.300	0.000
100.00	-0.290	1.290	0.000	-0.290	1.290	0.000
120.00	-0.870	1.160	0.000	-0.870	1.160	0.000
140.00	-1.150	0.800	0.000	-1.150	0.800	0.000
150.00	-1.200	0.550	0.000	-1.200	0.550	0.000
155.00	-1.180	0.350	0.000	-1.180	0.350	0.000
160.00	-1.150	0.200	0.000	-1.150	0.200	0.000
165.00	-1.020	0.100	0.000	-1.020	0.100	0.000
170.00	-0.800	0.050	0.000	-0.800	0.050	0.000
175.00	-0.600	0.030	0.000	-0.600	0.030	0.000
180.00	0.000	0.020	0.000	0.000	0.020	0.000

