2  ! NMACHB 
0.00 0.80

136 ! NANGB
-180.00	0.000	0.060	0.000	0.000	0.060	0.000
-175.00	0.218	0.070	0.093	0.218	0.070	0.093
-170.00	0.397	0.111	0.170	0.397	0.111	0.170
-160.00	0.642	0.305	0.281	0.642	0.305	0.281
-155.00	0.715	0.418	0.321	0.715	0.418	0.321
-150.00	0.757	0.536	0.352	0.757	0.536	0.352
-145.00	0.772	0.654	0.375	0.772	0.654	0.375
-140.00	0.762	0.769	0.393	0.762	0.769	0.393
-135.00	0.731	0.878	0.405	0.731	0.878	0.405
-130.00	0.680	0.979	0.413	0.680	0.979	0.413
-125.00	0.613	1.070	0.417	0.613	1.070	0.417
-120.00	0.532	1.150	0.418	0.532	1.150	0.418
-115.00	0.439	1.217	0.416	0.439	1.217	0.416
-110.00	0.337	1.272	0.412	0.337	1.272	0.412
-105.00	0.228	1.312	0.406	0.228	1.312	0.406
-100.00	0.114	1.338	0.398	0.114	1.338	0.398
-95.00	-0.002	1.349	0.389	-0.002	1.349	0.389
-90.00	-0.120	1.346	0.378	-0.120	1.346	0.378
-85.00	-0.236	1.328	0.366	-0.236	1.328	0.366
-80.00	-0.349	1.296	0.353	-0.349	1.296	0.353
-75.00	-0.456	1.251	0.339	-0.456	1.251	0.339
-70.00	-0.557	1.192	0.324	-0.557	1.192	0.324
-65.00	-0.647	1.120	0.308	-0.647	1.120	0.308
-60.00	-0.727	1.038	0.291	-0.727	1.038	0.291
-55.00	-0.792	0.945	0.273	-0.792	0.945	0.273
-50.00	-0.842	0.843	0.254	-0.842	0.843	0.254
-45.00	-0.874	0.735	0.234	-0.874	0.735	0.234
-40.00	-0.886	0.622	0.213	-0.886	0.622	0.213
-35.00	-0.875	0.507	0.191	-0.875	0.507	0.191
-30.00	-0.839	0.393	0.167	-0.839	0.393	0.167
-25.00	-0.777	0.285	0.142	-0.777	0.285	0.142
-24.00	-0.761	0.264	0.137	-0.761	0.264	0.137
-23.00	-0.744	0.244	0.132	-0.744	0.244	0.132
-22.00	-0.725	0.224	0.127	-0.725	0.224	0.127
-21.00	-0.706	0.205	0.122	-0.706	0.205	0.122
-20.00	-0.685	0.186	0.116	-0.685	0.186	0.116
-19.00	-0.662	0.169	0.110	-0.662	0.169	0.110
-18.00	-0.635	0.153	0.101	-0.635	0.153	0.101
-17.00	-0.605	0.140	0.091	-0.605	0.140	0.091
-16.00	-0.571	0.128	0.078	-0.571	0.128	0.078
-15.00	-0.534	0.118	0.065	-0.534	0.118	0.065
-14.00	-0.494	0.110	0.049	-0.494	0.110	0.049
-13.00	-0.452	0.104	0.033	-0.452	0.104	0.033
-12.00	-0.407	0.099	0.016	-0.407	0.099	0.016
-11.00	-0.360	0.095	-0.003	-0.360	0.095	-0.003
-10.00	-0.311	0.093	-0.021	-0.311	0.093	-0.021
-8.00	-0.208	0.093	-0.060	-0.208	0.093	-0.060
-6.00	-0.111	0.069	-0.050	-0.111	0.069	-0.050
-5.50	-0.090	0.061	-0.052	-0.090	0.061	-0.052
-5.00	-0.072	0.055	-0.053	-0.072	0.055	-0.053
-4.50	-0.065	0.048	-0.054	-0.065	0.048	-0.054
-4.00	-0.054	0.041	-0.054	-0.054	0.041	-0.054
-3.50	-0.017	0.035	-0.055	-0.017	0.035	-0.055
-3.00	0.003	0.030	-0.056	0.003	0.030	-0.056
-2.50	0.014	0.026	-0.056	0.014	0.026	-0.056
-2.00	0.009	0.020	-0.053	0.009	0.020	-0.053
-1.50	0.004	0.016	-0.044	0.004	0.016	-0.044
-1.00	0.036	0.015	-0.047	0.036	0.015	-0.047
-0.50	0.073	0.014	-0.052	0.073	0.014	-0.052
0.00	0.137	0.011	-0.057	0.137	0.011	-0.057
0.50	0.213	0.011	-0.064	0.213	0.011	-0.064
1.00	0.292	0.012	-0.072	0.292	0.012	-0.072
1.50	0.369	0.012	-0.078	0.369	0.012	-0.078
2.00	0.444	0.012	-0.084	0.444	0.012	-0.084
2.50	0.514	0.012	-0.087	0.514	0.012	-0.087
3.00	0.580	0.012	-0.089	0.580	0.012	-0.089
3.50	0.645	0.012	-0.090	0.645	0.012	-0.090
4.00	0.710	0.012	-0.091	0.710	0.012	-0.091
4.50	0.776	0.012	-0.093	0.776	0.012	-0.093
5.00	0.841	0.013	-0.095	0.841	0.013	-0.095
5.50	0.904	0.013	-0.096	0.904	0.013	-0.096
6.00	0.967	0.014	-0.097	0.967	0.014	-0.097
6.50	1.027	0.014	-0.097	1.027	0.014	-0.097
7.00	1.084	0.016	-0.097	1.084	0.016	-0.097
7.50	1.140	0.017	-0.097	1.140	0.017	-0.097
8.00	1.193	0.020	-0.097	1.193	0.020	-0.097
8.50	1.242	0.023	-0.096	1.242	0.023	-0.096
9.00	1.287	0.028	-0.095	1.287	0.028	-0.095
9.50	1.333	0.032	-0.094	1.333	0.032	-0.094
10.00	1.368	0.039	-0.093	1.368	0.039	-0.093
10.50	1.400	0.048	-0.091	1.400	0.048	-0.091
11.00	1.425	0.058	-0.089	1.425	0.058	-0.089
11.50	1.449	0.069	-0.088	1.449	0.069	-0.088
12.00	1.473	0.082	-0.087	1.473	0.082	-0.087
12.50	1.494	0.097	-0.087	1.494	0.097	-0.087
13.00	1.513	0.113	-0.088	1.513	0.113	-0.088
13.50	1.538	0.129	-0.089	1.538	0.129	-0.089
14.50	1.587	0.165	-0.092	1.587	0.165	-0.092
15.00	1.614	0.185	-0.094	1.614	0.185	-0.094
15.50	1.631	0.205	-0.097	1.631	0.205	-0.097
16.00	1.649	0.225	-0.100	1.649	0.225	-0.100
16.50	1.666	0.247	-0.103	1.666	0.247	-0.103
17.00	1.681	0.268	-0.107	1.681	0.268	-0.107
17.50	1.699	0.290	-0.111	1.699	0.290	-0.111
18.00	1.719	0.312	-0.116	1.719	0.312	-0.116
19.00	1.751	0.355	-0.124	1.751	0.355	-0.124
19.50	1.767	0.378	-0.129	1.767	0.378	-0.129
20.50	1.798	0.421	-0.138	1.798	0.421	-0.138
21.00	1.810	0.442	-0.142	1.810	0.442	-0.142
22.00	1.830	0.483	-0.148	1.830	0.483	-0.148
23.00	1.847	0.526	-0.154	1.847	0.526	-0.154
24.00	1.861	0.569	-0.160	1.861	0.569	-0.160
25.00	1.872	0.614	-0.166	1.872	0.614	-0.166
26.00	1.881	0.659	-0.172	1.881	0.659	-0.172
28.00	1.894	0.751	-0.184	1.894	0.751	-0.184
30.00	1.904	0.844	-0.195	1.904	0.844	-0.195
32.00	1.915	0.936	-0.206	1.915	0.936	-0.206
35.00	1.929	1.072	-0.222	1.929	1.072	-0.222
40.00	1.903	1.287	-0.247	1.903	1.287	-0.247
45.00	1.820	1.480	-0.270	1.820	1.480	-0.270
50.00	1.690	1.640	-0.292	1.690	1.640	-0.292
55.00	1.522	1.761	-0.313	1.522	1.761	-0.313
60.00	1.323	1.836	-0.332	1.323	1.836	-0.332
65.00	1.106	1.861	-0.350	1.106	1.861	-0.350
70.00	0.880	1.835	-0.367	0.880	1.835	-0.367
75.00	0.658	1.757	-0.383	0.658	1.757	-0.383
80.00	0.449	1.633	-0.398	0.449	1.633	-0.398
85.00	0.267	1.485	-0.411	0.267	1.485	-0.411
90.00	0.124	1.388	-0.423	0.124	1.388	-0.423
95.00	0.002	1.391	-0.434	0.002	1.391	-0.434
100.00	-0.118	1.380	-0.444	-0.118	1.380	-0.444
105.00	-0.235	1.353	-0.451	-0.235	1.353	-0.451
110.00	-0.348	1.311	-0.457	-0.348	1.311	-0.457
115.00	-0.453	1.256	-0.461	-0.453	1.256	-0.461
120.00	-0.549	1.186	-0.462	-0.549	1.186	-0.462
125.00	-0.633	1.104	-0.461	-0.633	1.104	-0.461
130.00	-0.702	1.010	-0.455	-0.702	1.010	-0.455
135.00	-0.754	0.906	-0.446	-0.754	0.906	-0.446
140.00	-0.787	0.794	-0.432	-0.787	0.794	-0.432
145.00	-0.797	0.675	-0.413	-0.797	0.675	-0.413
150.00	-0.782	0.553	-0.386	-0.782	0.553	-0.386
155.00	-0.739	0.432	-0.352	-0.739	0.432	-0.352
160.00	-0.664	0.315	-0.309	-0.664	0.315	-0.309
170.00	-0.410	0.114	-0.186	-0.410	0.114	-0.186
175.00	-0.226	0.070	-0.102	-0.226	0.070	-0.102
180.00	0.000	0.060	0.000	0.000	0.060	0.000
