2  ! NMACHB
0.00 0.80

61 ! NANGB
-180.00	0.000	0.020	0.000	0.000	0.020	0.000
-175.00	0.600	0.030	0.000	0.600	0.030	0.000
-170.00	0.800	0.050	0.000	0.800	0.050	0.000
-165.00	1.020	0.100	0.000	1.020	0.100	0.000
-160.00	1.150	0.200	0.000	1.150	0.200	0.000
-155.00	1.180	0.350	0.000	1.180	0.350	0.000
-150.00	1.200	0.550	0.000	1.200	0.550	0.000
-130.00	1.050	0.980	0.000	1.050	0.980	0.000
-110.00	0.560	1.225	0.000	0.560	1.225	0.000
-90.00	0.000	1.300	0.000	0.000	1.300	0.000
-80.00	-0.310	1.280	0.000	-0.310	1.280	0.000
-60.00	-0.830	1.095	0.000	-0.830	1.095	0.000
-33.09	-1.444	0.489	0.000	-1.444	0.489	0.000
-29.30	-1.450	0.390	0.000	-1.450	0.390	0.000
-25.52	-1.454	0.292	0.000	-1.454	0.292	0.000
-21.73	-1.453	0.193	0.000	-1.453	0.193	0.000
-17.94	-1.378	0.095	0.000	-1.378	0.095	0.000
-14.15	-1.060	0.038	0.000	-1.060	0.038	0.000
-10.36	-0.645	0.019	0.000	-0.645	0.019	0.000
-6.58	-0.229	0.013	0.000	-0.229	0.013	0.000
-2.79	0.187	0.010	0.000	0.187	0.010	0.000
1.00	0.602	0.009	0.000	0.602	0.009	0.000
4.00	0.932	0.011	0.000	0.932	0.011	0.000
6.00	1.134	0.013	0.000	1.134	0.013	0.000
8.00	1.313	0.015	0.000	1.313	0.015	0.000
10.00	1.464	0.018	0.000	1.464	0.018	0.000
11.00	1.503	0.021	0.000	1.503	0.021	0.000
12.00	1.527	0.024	0.000	1.527	0.024	0.000
12.50	1.531	0.026	0.000	1.531	0.026	0.000
13.00	1.531	0.029	0.000	1.531	0.029	0.000
13.50	1.531	0.032	0.000	1.531	0.032	0.000
14.00	1.529	0.036	0.000	1.529	0.036	0.000
15.00	1.518	0.047	0.000	1.518	0.047	0.000
16.00	1.492	0.061	0.000	1.492	0.061	0.000
17.00	1.473	0.078	0.000	1.473	0.078	0.000
18.00	1.451	0.096	0.000	1.451	0.096	0.000
19.00	1.427	0.119	0.000	1.427	0.119	0.000
20.00	1.392	0.148	0.000	1.392	0.148	0.000
23.33	1.288	0.235	0.000	1.288	0.235	0.000
26.67	1.229	0.322	0.000	1.229	0.322	0.000
30.00	1.194	0.409	0.000	1.194	0.409	0.000
33.33	1.175	0.495	0.000	1.175	0.495	0.000
36.67	1.162	0.582	0.000	1.162	0.582	0.000
40.00	1.143	0.669	0.000	1.143	0.669	0.000
43.33	1.116	0.756	0.000	1.116	0.756	0.000
46.67	1.080	0.843	0.000	1.080	0.843	0.000
50.00	1.035	0.930	0.000	1.035	0.930	0.000
60.00	0.830	1.095	0.000	0.830	1.095	0.000
70.00	0.570	1.200	0.000	0.570	1.200	0.000
80.00	0.310	1.280	0.000	0.310	1.280	0.000
90.00	0.000	1.300	0.000	0.000	1.300	0.000
100.00	-0.290	1.290	0.000	-0.290	1.290	0.000
120.00	-0.870	1.160	0.000	-0.870	1.160	0.000
140.00	-1.150	0.800	0.000	-1.150	0.800	0.000
150.00	-1.200	0.550	0.000	-1.200	0.550	0.000
155.00	-1.180	0.350	0.000	-1.180	0.350	0.000
160.00	-1.150	0.200	0.000	-1.150	0.200	0.000
165.00	-1.020	0.100	0.000	-1.020	0.100	0.000
170.00	-0.800	0.050	0.000	-0.800	0.050	0.000
175.00	-0.600	0.030	0.000	-0.600	0.030	0.000
180.00	0.000	0.020	0.000	0.000	0.020	0.000

