2  ! NMACHB
0.00 0.80

63 ! NANGB
-180.00	0.000	0.020	0.000	0.000	0.020	0.000
-175.00	0.600	0.030	0.000	0.600	0.030	0.000
-170.00	0.800	0.050	0.000	0.800	0.050	0.000
-165.00	1.020	0.100	0.000	1.020	0.100	0.000
-160.00	1.150	0.200	0.000	1.150	0.200	0.000
-155.00	1.180	0.350	0.000	1.180	0.350	0.000
-150.00	1.200	0.550	0.000	1.200	0.550	0.000
-130.00	1.050	0.980	0.000	1.050	0.980	0.000
-110.00	0.560	1.225	0.000	0.560	1.225	0.000
-90.00	0.000	1.300	0.000	0.000	1.300	0.000
-80.00	-0.310	1.280	0.000	-0.310	1.280	0.000
-60.00	-0.830	1.095	0.000	-0.830	1.095	0.000
-33.53	-1.313	0.500	0.000	-1.313	0.500	0.000
-29.69	-1.319	0.400	0.000	-1.319	0.400	0.000
-25.85	-1.322	0.299	0.000	-1.322	0.299	0.000
-22.02	-1.321	0.199	0.000	-1.321	0.199	0.000
-18.18	-1.245	0.117	0.000	-1.245	0.117	0.000
-14.34	-0.940	0.063	0.000	-0.940	0.063	0.000
-10.51	-0.557	0.028	0.000	-0.557	0.028	0.000
-6.67	-0.174	0.017	0.000	-0.174	0.017	0.000
-2.84	0.209	0.013	0.000	0.209	0.013	0.000
1.00	0.593	0.011	0.000	0.593	0.011	0.000
4.00	0.892	0.013	0.000	0.892	0.013	0.000
6.00	1.069	0.016	0.000	1.069	0.016	0.000
8.00	1.226	0.019	0.000	1.226	0.019	0.000
10.00	1.320	0.026	0.000	1.320	0.026	0.000
11.00	1.351	0.030	0.000	1.351	0.030	0.000
12.00	1.371	0.038	0.000	1.371	0.038	0.000
12.50	1.378	0.042	0.000	1.378	0.042	0.000
13.00	1.382	0.047	0.000	1.382	0.047	0.000
13.50	1.385	0.053	0.000	1.385	0.053	0.000
14.00	1.392	0.058	0.000	1.392	0.058	0.000
15.00	1.389	0.072	0.000	1.389	0.072	0.000
16.00	1.392	0.085	0.000	1.392	0.085	0.000
17.00	1.391	0.097	0.000	1.391	0.097	0.000
18.00	1.383	0.114	0.000	1.383	0.114	0.000
19.00	1.377	0.131	0.000	1.377	0.131	0.000
20.00	1.366	0.151	0.000	1.366	0.151	0.000
20.50	1.366	0.159	0.000	1.366	0.159	0.000
21.00	1.347	0.173	0.000	1.347	0.173	0.000
24.22	1.215	0.257	0.000	1.215	0.257	0.000
27.44	1.140	0.341	0.000	1.140	0.341	0.000
30.67	1.098	0.425	0.000	1.098	0.425	0.000
33.89	1.075	0.509	0.000	1.075	0.509	0.000
37.11	1.061	0.593	0.000	1.061	0.593	0.000
40.33	1.050	0.678	0.000	1.050	0.678	0.000
43.56	1.039	0.762	0.000	1.039	0.762	0.000
46.78	1.022	0.846	0.000	1.022	0.846	0.000
50.00	0.998	0.930	0.000	0.998	0.930	0.000
60.00	0.830	1.095	0.000	0.830	1.095	0.000
70.00	0.570	1.200	0.000	0.570	1.200	0.000
80.00	0.310	1.280	0.000	0.310	1.280	0.000
90.00	0.000	1.300	0.000	0.000	1.300	0.000
100.00	-0.290	1.290	0.000	-0.290	1.290	0.000
120.00	-0.870	1.160	0.000	-0.870	1.160	0.000
140.00	-1.150	0.800	0.000	-1.150	0.800	0.000
150.00	-1.200	0.550	0.000	-1.200	0.550	0.000
155.00	-1.180	0.350	0.000	-1.180	0.350	0.000
160.00	-1.150	0.200	0.000	-1.150	0.200	0.000
165.00	-1.020	0.100	0.000	-1.020	0.100	0.000
170.00	-0.800	0.050	0.000	-0.800	0.050	0.000
175.00	-0.600	0.030	0.000	-0.600	0.030	0.000
180.00	0.000	0.020	0.000	0.000	0.020	0.000

