2  ! NMACHB
0.00 0.80

61 ! NANGB
-180.00	0.000	0.020	0.000	0.000	0.020	0.000
-175.00	0.600	0.030	0.000	0.600	0.030	0.000
-170.00	0.800	0.050	0.000	0.800	0.050	0.000
-165.00	1.020	0.100	0.000	1.020	0.100	0.000
-160.00	1.150	0.200	0.000	1.150	0.200	0.000
-155.00	1.180	0.350	0.000	1.180	0.350	0.000
-150.00	1.200	0.550	0.000	1.200	0.550	0.000
-130.00	1.050	0.980	0.000	1.050	0.980	0.000
-110.00	0.560	1.225	0.000	0.560	1.225	0.000
-90.00	0.000	1.300	0.000	0.000	1.300	0.000
-80.00	-0.310	1.280	0.000	-0.310	1.280	0.000
-60.00	-0.830	1.095	0.000	-0.830	1.095	0.000
-34.03	-1.410	0.508	0.000	-1.410	0.508	0.000
-30.14	-1.416	0.405	0.000	-1.416	0.405	0.000
-26.25	-1.420	0.302	0.000	-1.420	0.302	0.000
-22.36	-1.417	0.200	0.000	-1.417	0.200	0.000
-18.46	-1.320	0.105	0.000	-1.320	0.105	0.000
-14.57	-0.986	0.048	0.000	-0.986	0.048	0.000
-10.68	-0.585	0.023	0.000	-0.585	0.023	0.000
-6.79	-0.184	0.015	0.000	-0.184	0.015	0.000
-2.89	0.217	0.012	0.000	0.217	0.012	0.000
1.00	0.618	0.010	0.000	0.618	0.010	0.000
4.00	0.927	0.012	0.000	0.927	0.012	0.000
6.00	1.116	0.014	0.000	1.116	0.014	0.000
8.00	1.284	0.017	0.000	1.284	0.017	0.000
10.00	1.427	0.021	0.000	1.427	0.021	0.000
11.00	1.458	0.024	0.000	1.458	0.024	0.000
12.00	1.480	0.028	0.000	1.480	0.028	0.000
12.50	1.486	0.031	0.000	1.486	0.031	0.000
13.00	1.492	0.034	0.000	1.492	0.034	0.000
13.50	1.495	0.037	0.000	1.495	0.037	0.000
14.00	1.495	0.041	0.000	1.495	0.041	0.000
15.00	1.484	0.052	0.000	1.484	0.052	0.000
16.00	1.463	0.065	0.000	1.463	0.065	0.000
17.00	1.450	0.080	0.000	1.450	0.080	0.000
18.00	1.435	0.096	0.000	1.435	0.096	0.000
19.00	1.416	0.116	0.000	1.416	0.116	0.000
20.00	1.394	0.137	0.000	1.394	0.137	0.000
23.33	1.326	0.225	0.000	1.326	0.225	0.000
26.67	1.275	0.313	0.000	1.275	0.313	0.000
30.00	1.237	0.402	0.000	1.237	0.402	0.000
33.33	1.208	0.490	0.000	1.208	0.490	0.000
36.67	1.185	0.578	0.000	1.185	0.578	0.000
40.00	1.159	0.666	0.000	1.159	0.666	0.000
43.33	1.126	0.754	0.000	1.126	0.754	0.000
46.67	1.086	0.842	0.000	1.086	0.842	0.000
50.00	1.037	0.930	0.000	1.037	0.930	0.000
60.00	0.830	1.095	0.000	0.830	1.095	0.000
70.00	0.570	1.200	0.000	0.570	1.200	0.000
80.00	0.310	1.280	0.000	0.310	1.280	0.000
90.00	0.000	1.300	0.000	0.000	1.300	0.000
100.00	-0.290	1.290	0.000	-0.290	1.290	0.000
120.00	-0.870	1.160	0.000	-0.870	1.160	0.000
140.00	-1.150	0.800	0.000	-1.150	0.800	0.000
150.00	-1.200	0.550	0.000	-1.200	0.550	0.000
155.00	-1.180	0.350	0.000	-1.180	0.350	0.000
160.00	-1.150	0.200	0.000	-1.150	0.200	0.000
165.00	-1.020	0.100	0.000	-1.020	0.100	0.000
170.00	-0.800	0.050	0.000	-0.800	0.050	0.000
175.00	-0.600	0.030	0.000	-0.600	0.030	0.000
180.00	0.000	0.020	0.000	0.000	0.020	0.000

